"Beautiful","Confusing","Courageous","Fascinating","Funny","Informative","Ingenious","Inspiring","Jaw.dropping","Longwinded","OK","Obnoxious","Persuasive","Unconvincing"
0.0211364265062672,0.0271330405102932,0.0591789017851526,0.0695732369798684,0.0452578923863485,0.139460942494597,0.0574044498630312,0.161743158126315,0.0426734300742765,0.0543706809313106,0.054134119482292,0.0344647880741788,0.176435868540731,0.0570330642453389
0.0205901141403711,0.0136472991632425,0.0517529873096657,0.0848404104287592,0.00776282940856592,0.169824219715696,0.106279810257357,0.231503615777353,0.0661300194648657,0.0226052898894709,0.0355489081544611,0.0132291425377331,0.14909855738998,0.0271867963624791
0.018940474879711,0.0236487070859374,0.0819304349343772,0.0777639625494655,0.00695362480498423,0.207588228009399,0.0375319669917141,0.154765282001943,0.0501651020134299,0.0416913756321201,0.0368919550760511,0.0218360329696491,0.193537018482866,0.0467558345683519
0.0424137541626542,0.0191285539591333,0.061210404874687,0.140876094581124,0.0414490023292408,0.0961131253854832,0.0890423643650766,0.218433800301212,0.0780904922492183,0.0434673257835532,0.0490962291032545,0.0254213936697445,0.0651306682084329,0.0301267910271863
0.00854161762303186,0.0245945050074685,0.015244717433299,0.250937820163115,0.0102426175041877,0.279435138243566,0.0595784926235531,0.0585211593751336,0.12905767540647,0.0322862856987044,0.0292900644997138,0.0143417025100001,0.0645370915722684,0.0233911123394896
0.0299209565643382,0.0334394374544721,0.0380576344601175,0.120783719708788,0.12781215307244,0.0890918318413648,0.121715488967788,0.134029119453,0.0765273298831648,0.0483446687828459,0.0570484491625337,0.0333914130273411,0.052580717926874,0.037257079694932
0.0299552110453287,0.0224853910965324,0.0429698088424428,0.0976435017964929,0.0364047450865138,0.0950006249824433,0.162126883973325,0.180727649646564,0.0657701221385213,0.0362622336169338,0.0506558646367368,0.0281021647156847,0.0969790117964006,0.0549167866260797
0.0125766970386297,0.021450978679957,0.0480808787018697,0.0665992805210004,0.0286942630191589,0.232360835430715,0.0529771883818922,0.0949935514145215,0.046279084675348,0.0287176164880535,0.0535390966449179,0.0284511188904274,0.233301303364425,0.0519781067490833
0.0479005435923573,0.0129452897220854,0.0546784730336237,0.183015507405248,0.00714666734034722,0.0983087137940272,0.112056940107174,0.158253477533884,0.189024580056323,0.016462803886815,0.0267275611633056,0.0173272413582414,0.0559983894093296,0.0201538115972382
0.0890426132730315,0.0310014307731608,0.0371880218673863,0.11066819027243,0.0979915632806498,0.0843210849327175,0.0974800005229928,0.156024606520003,0.0353052617204791,0.0597436448062795,0.0688707812508611,0.0340179958499759,0.0598869569220373,0.0384578480079949
0.092357487205347,0.0348288158637334,0.0292397602967562,0.133961744593511,0.062040875697289,0.0539611581444518,0.129986290708229,0.114018670451198,0.0912416721877136,0.0475982477734633,0.0927307813816085,0.038216507150075,0.032494313874252,0.0473236746723719
0.0387879998808136,0.0285155757225032,0.0399552959864747,0.123733014808743,0.0988569353776208,0.18240848674177,0.0247962576287507,0.117780297779387,0.0341160456036933,0.0425582908113548,0.0582579589285177,0.0310467009199756,0.127382266569571,0.0518048732408247
0.0190291423618824,0.0272844229432141,0.0217173804930886,0.195174199968235,0.0112965652444637,0.159938668444883,0.074020570829762,0.128028822655522,0.0706785780011671,0.0525736185962235,0.0539177239220098,0.0223171293717694,0.0972155925299027,0.0668075846378769
0.0355201284087521,0.0326500566003504,0.0360975443336162,0.103131852624297,0.067774975414138,0.165265215409857,0.0707822204364648,0.0978914970386022,0.0478110762045312,0.0363009234745333,0.085610609192344,0.0344434357371137,0.125931107629608,0.0607893574957919
0.080166330640942,0.026068145479831,0.0760046411490472,0.112502427766212,0.0852750436836652,0.0991386942463263,0.0567518786635983,0.157738534944503,0.0574111522733062,0.0344358908163144,0.0690311374537409,0.031468006785767,0.0788210455591032,0.0351870705376432
0.0414561940482935,0.0342176434744806,0.0274327655462935,0.144331121415624,0.140011928976452,0.114611365368205,0.0702897968319303,0.0986507146397262,0.0568520766206282,0.0517424391359736,0.0588913147063826,0.0348350860734385,0.0831249558540297,0.0435525973085426
0.0989150119027293,0.0191901384328591,0.154520377165465,0.0891354882782252,0.0193593390416803,0.0797881279546929,0.0332997411905026,0.210525264135169,0.106343739527874,0.0308343887158218,0.0419398034573152,0.0256180805878547,0.0640772356734464,0.0264532639363646
0.0433211345955296,0.017977106784454,0.030212246746715,0.147401942323739,0.0199087895379839,0.092515204247933,0.148057910777506,0.233175053012897,0.0630877778928398,0.0289864071753962,0.0474985480357419,0.0191283019503708,0.0808076132760181,0.0279219636428755
0.0602197252916017,0.026101358239957,0.0217078629841741,0.166621674969286,0.0351621637023655,0.0715850089712426,0.175130197414096,0.169052445072423,0.0699618420889689,0.0524234281029902,0.0537209331740962,0.0259170747278177,0.0337408339372238,0.0386554513237577
0.0314507532815863,0.0283070789057073,0.0395775159565952,0.0761912030231577,0.173953766287162,0.0953561911849657,0.0920071974801548,0.145170522117492,0.038231582738234,0.043625680403521,0.0611092597687991,0.0353320733939796,0.096728536486743,0.0429586389719025
0.0393214051729851,0.0318298960286187,0.0752082508093894,0.0902359972273385,0.0609913073123007,0.153338783807604,0.0553890479443947,0.118104230794898,0.058420280491215,0.0337826607780197,0.0675323413676208,0.036590327455737,0.12962642125636,0.0496290495535187
0.0387528193229184,0.0243581796984345,0.0587918010511399,0.118030205826858,0.0366089420607971,0.166531162839792,0.0775937780991728,0.133197501895815,0.0755793707083825,0.0327144418284311,0.0491518337668032,0.0246171009324826,0.129426842057646,0.0346460199113254
0.0749427296484376,0.0289169823349054,0.0227024592488921,0.155831011688627,0.0138005022847326,0.139336646178073,0.114631199819491,0.137760621821436,0.0397588108698461,0.0648707488240542,0.0770111350161507,0.0257919933236557,0.0576382183178387,0.0470069406238594
0.0287478084401651,0.0292315902727938,0.114563124440655,0.0931849656260857,0.0148080044827231,0.142000563668178,0.03623536108957,0.170987173293456,0.0837901615158824,0.044588362889816,0.0352889406457888,0.0286018417291781,0.131909010453463,0.0460630914522447
0.0849409272461137,0.0127912428293356,0.147546750411397,0.0737007522914067,0.0146257285171059,0.0842819597574099,0.0220633803145881,0.316246415600992,0.0551143760939067,0.0223715706997159,0.0314896777240242,0.0165371723927393,0.0992471632170841,0.0190428829041814
0.0218179068089984,0.0320122141029227,0.0283655233541648,0.228933463921695,0.0361047827005346,0.168577890725144,0.109417078581499,0.085204930690153,0.114904888852738,0.0345550785818844,0.0391997026478978,0.0185550036316193,0.0567488188565898,0.0256027165441608
0.0706532707348198,0.0170674945057317,0.097703364589974,0.085791365745232,0.0348971489111503,0.0901217031337881,0.0809471372850199,0.277050292041915,0.0498765724178307,0.0239324639484969,0.0431886755692427,0.0196817501706051,0.0851029281208464,0.0239858328253477
0.00586697926416214,0.0230970855048795,0.0100576932427558,0.20010392238021,0.00641213172550242,0.258770923686431,0.108907058561523,0.0787654479365296,0.0728717556489039,0.0409945465578911,0.0432375632910655,0.0140982966762612,0.0894916925667211,0.0473249029571625
0.0227280589947541,0.0275205629594211,0.0311551756515751,0.191268841524279,0.0234194734787261,0.185094322654702,0.0692820837289932,0.100433544677516,0.0775539456833387,0.0413369429940705,0.0434507977171634,0.0267150785992321,0.113459694309565,0.0465814770266633
0.127507774151644,0.0123125792476551,0.0347366873554322,0.224853321474224,0.012699572950565,0.119618572639926,0.050034276169629,0.162882065015607,0.119454083666762,0.0227128884938337,0.028227643350096,0.0143371293332911,0.0527922323060014,0.017831173845333
0.0546531829865094,0.0260928421286744,0.0250335281552722,0.234363920390726,0.0179183168812242,0.169619113806979,0.0355239739624016,0.13737956210325,0.0657109186295274,0.0470524730385613,0.0484112127997296,0.0200175982653834,0.076967365022537,0.0412559918292251
0.0439151293348676,0.0208392907497673,0.0482291951494635,0.120122553323056,0.0437585834130364,0.100862904856424,0.142324731130995,0.222457652338176,0.0590321935241029,0.0378845443117643,0.0476150465329446,0.0208117566032149,0.0650882646319191,0.0270581541002675
0.0990616365275976,0.0307064581210066,0.0273794979609635,0.149062403594156,0.064855948475547,0.0672286941941097,0.121767760594135,0.120543761794365,0.0915049746754458,0.0351026762537292,0.0687303116956617,0.035047201485978,0.0467314682857453,0.0422772063415597
0.117666897373711,0.0320908746258123,0.0274612472414177,0.134383069241494,0.119948830807982,0.042238803980145,0.0980835042356139,0.124682688270692,0.074427579878507,0.0382053358392869,0.0648236567579233,0.0410893651787785,0.0406612518776359,0.0442368946909992
0.0432085648038303,0.0298870864388761,0.023924027591289,0.219981380365861,0.0123221656266767,0.199879076710205,0.0451278924074995,0.119327936140947,0.0546349069323175,0.0462756329380304,0.0566801461244899,0.0181149619901416,0.0821019533020627,0.0485342686277732
0.0354447297992974,0.0255551295971832,0.0147899719978729,0.253874131822731,0.017528368700856,0.113053109147036,0.18444536671654,0.11453059030412,0.114501248767962,0.0270126704443906,0.0351591928986579,0.0137298358599618,0.028387458065895,0.0219881958774958
0.072821174935624,0.0314849597878735,0.026059575160126,0.140438963232927,0.0294998363480202,0.0953687817395246,0.131850167113474,0.150514611109216,0.0394487420844897,0.07237371483398,0.0768582662689363,0.0305536762232602,0.0523586965930097,0.0503688345695381
0.00683147467855746,0.0205645941109839,0.0581629250742311,0.0528445727208673,0.010789416813371,0.21862835544085,0.0636851088024524,0.100459074989289,0.0495099382901827,0.042244374519969,0.0414755052380238,0.0251526330519514,0.232824369433465,0.0768276568358056
0.0384334216762275,0.0123046646290013,0.0984485461974036,0.0598744773812711,0.00998416824250478,0.115491043899559,0.0501357481612208,0.321228829279666,0.0338316691282991,0.0250946226012517,0.0296553925815177,0.0131518012506627,0.170342913245674,0.0220227017257403
0.0298026145048185,0.0148446311370678,0.0879797391867246,0.0719368514164303,0.0143974665087323,0.127306860923796,0.0884977219808535,0.328519518839035,0.0296043861827234,0.0313288826450202,0.0449230464145146,0.0144648727981803,0.0930224315353928,0.0233709759267105
0.149123848872832,0.0211343680821575,0.177835970885288,0.0615280478958898,0.0222988014368234,0.048438321095015,0.0154663897914647,0.247526798814801,0.0761412771586263,0.0393721201993014,0.0407685704175487,0.0313175163601992,0.0377139072505057,0.0313340617395475
0.052678644303068,0.0248061913870011,0.0550120974428671,0.113897045535037,0.0333749894429703,0.132563666808334,0.0529984958484317,0.192535721463916,0.0826008550655049,0.0468231515593556,0.0496427730633961,0.0314004074985363,0.0904413286977987,0.0412246318837822
0.0234755603909445,0.0160146933386559,0.0570261170835055,0.135147460119287,0.0252372407584136,0.189877337331286,0.111070797676238,0.145634294495306,0.0829104677316054,0.0277202924031374,0.0400863656093323,0.0168573832973093,0.10565923359176,0.0232827561732189
0.0322542287201346,0.0253298053485012,0.0680886412133056,0.105745043106528,0.0325104663211049,0.180816981854219,0.0571742638605845,0.132567405339579,0.0721369024594611,0.0370860197427504,0.0569403857486847,0.0317040837631311,0.126071807142877,0.0415739653791391
0.0831812331122316,0.0153991707824765,0.122361584170589,0.0696725204812752,0.02258200090033,0.0785110197446931,0.0334890755484058,0.327975978272589,0.0466180918491506,0.0321129776329792,0.0360676597143226,0.0181045785128104,0.0877975287740523,0.0261265805040949
0.0946618779452901,0.0217560552395044,0.159009397273358,0.0792951434205437,0.0645917450399035,0.0623303428978643,0.0260932213426688,0.213043483764479,0.059158532844738,0.0363217119185895,0.03944336433542,0.0313860009745868,0.0820714872620781,0.0308376357409763
0.0163143869747782,0.0213272499033935,0.0433195042600932,0.0890362558455269,0.0291353771205976,0.152880019175145,0.0812179873886342,0.20566845810796,0.033662157219143,0.04246054650992,0.0640344998967114,0.0212365560946996,0.156432313384339,0.0432746881190581
0.118962856596029,0.0213341128947459,0.134521406752573,0.0697886351514234,0.0349169293851211,0.0824392632596049,0.0218002208802371,0.242397778615983,0.0557803237759337,0.0276773355265371,0.0487313852007853,0.0303409389995047,0.0757037401750262,0.0356050727864962
0.0354830624770604,0.0263899387406601,0.0146443894172174,0.173002621692656,0.0297443269818764,0.0912908846143254,0.210225064439218,0.0836238786413956,0.151260781339973,0.0300763491090462,0.0589211379009499,0.0247363629211979,0.0321948515952496,0.038406350129174
0.114454434208812,0.0127175829618139,0.0900815357075644,0.070474213875623,0.0214821774599935,0.0349785343113574,0.028284373296502,0.409564980486968,0.0450772445608333,0.0280296048503049,0.0281130537824352,0.0169725856971698,0.0777553946557081,0.0220142841449137
0.0164276384308352,0.0284714561830359,0.0362978916733781,0.128176192725664,0.0392170767848384,0.256540985213506,0.0449768755928475,0.0806274617603295,0.0403586643163244,0.0407923218071607,0.052305655880073,0.023386837624765,0.171192202323078,0.0412287396841652
0.0279740235878155,0.0316881086877806,0.0348974673723704,0.125084767206917,0.0210131690455733,0.145242621532372,0.0487842434153777,0.156528824249583,0.0394749813100769,0.0513177232723742,0.0523111542310745,0.0283713381505625,0.163443696528947,0.073867881409176
0.155387741779547,0.0163366329029577,0.0845271566385759,0.12106640209029,0.0125826107171499,0.0684072807372945,0.016752643628786,0.266288911330924,0.0538475097446028,0.041846022844166,0.0273196822769799,0.0182834328944548,0.0905603435024119,0.0267936289118596
0.0644941177267996,0.024118784490972,0.0743625232443429,0.0847844389711336,0.0667794304203801,0.0876480912983233,0.0560750009342971,0.218361229395128,0.0463690407775111,0.0324530076170387,0.0651785553636521,0.0285381761728293,0.110387397280037,0.0404502063075552
0.0682789237587142,0.0273799463888275,0.0787802477981097,0.0838255967138234,0.0654878192348716,0.0802651021160628,0.0340006679954047,0.221023126646535,0.0274585804825731,0.0477554579098689,0.0469171986801179,0.0335229477905373,0.130212025698979,0.0550923587855743
0.0203045450050919,0.0321142508854189,0.0240177133789373,0.130371729052895,0.0243113828447134,0.156640999026002,0.104436994759942,0.112658165365587,0.0650229587320485,0.0525510574090055,0.0764600015003355,0.0307496466682774,0.0968772986464987,0.073483256725247
0.0271285348023231,0.0195101120579253,0.0298410363306984,0.111638594914513,0.0125019644827494,0.151120327892931,0.0997295235951901,0.211949141824725,0.0469121168831168,0.042358011317402,0.046444460800885,0.0197572690342975,0.135120388887833,0.0459885171754105
0.0313331800751217,0.0230407831891386,0.0729617763916274,0.0861441463056931,0.0333451682133743,0.169210554927314,0.052274450449293,0.176778745445892,0.0557253557267216,0.0388918377337575,0.0494955940104075,0.0250165859482139,0.151190253659515,0.0345915679239303
0.0648510409446962,0.02142999862266,0.0302331086469855,0.226189348469875,0.0339907063626433,0.127130290085258,0.0787609852626583,0.128737769558872,0.100301321189487,0.0333667221729081,0.0493385940430345,0.0197292236406689,0.0590468669817573,0.0268940240184952
0.104460450165342,0.0326455513800296,0.0196705204278051,0.167359978275576,0.101025153026744,0.0800287039955363,0.0886677750697098,0.118754063914264,0.0679970953199838,0.0379324563725645,0.0740711521030374,0.0307514559322137,0.0365870078654128,0.0400486361517808
0.0213133314353994,0.0204839443469824,0.0771548824270176,0.0825613845495344,0.0185425817579499,0.200921301064497,0.0614921223383757,0.165748804184567,0.0595489758547257,0.0338608802859631,0.0430189110751086,0.0210999343351042,0.158743802170938,0.0355091441738366
0.0161886648895274,0.0169759758857292,0.0179453472534376,0.297826236690881,0.0193885734335848,0.197112425259491,0.0605862804285285,0.0826871016137144,0.160338146747487,0.0255287303907304,0.0183541567452936,0.0141353888297272,0.0577201120092599,0.0152128598226073
0.102870717809529,0.0317152903474351,0.0695421218356021,0.101258460387112,0.0667358846191218,0.0764121388409392,0.0551567830735664,0.143853560365112,0.0728980443885224,0.0362829040171416,0.0709819690341315,0.0424071953304407,0.0766767199802332,0.0532082099711124
0.0519539760667352,0.024422324251911,0.0580746283745575,0.11023540011565,0.0954026340228856,0.0759433122524943,0.118857663860799,0.1544709766572,0.129094108915707,0.0251518751303349,0.0429003590249018,0.0312423257632591,0.0526000322313354,0.0296503833322297
0.051383229560747,0.0145234325585949,0.263269426675228,0.0614634808059494,0.00243011968895942,0.104253255379781,0.0146681499897511,0.228653713869313,0.0717884758049748,0.0277313848685972,0.0226337532793678,0.0152436199005608,0.0988950096061476,0.0230629480120279
0.0122155464250072,0.0112932728560554,0.0855363662592015,0.0544002913740921,0.00541796335863401,0.22324948104437,0.0449222007160413,0.190036406441321,0.0438636754511298,0.0251896085600217,0.0231779133378502,0.0116748850345147,0.248483606990112,0.0205387821516489
0.151557146156716,0.0233307065631893,0.126547915814226,0.0624683606498887,0.0909066740606321,0.0432649767735331,0.0231547192274251,0.220919359373663,0.0344762918280836,0.0370984356867685,0.037147573607508,0.0373240489484346,0.0734807083530269,0.0383230829569054
0.0783707969186955,0.0166670666502733,0.124247814996486,0.12973577357414,0.0465460740042805,0.0876028550206839,0.024179591844886,0.183648105766603,0.119101962174308,0.0271428695856762,0.0467968266207256,0.0341890814751361,0.0547021250400106,0.0270690563280943
0.0542318014876302,0.0128322076388571,0.0847508114419902,0.0848743470375093,0.0149537647447215,0.132349537157114,0.0606482404068579,0.289661742441368,0.0625914684201611,0.0227720625378606,0.0314276181934876,0.0140672254682507,0.113576685208592,0.0212624878155994
0.0197838005064169,0.0176647493790512,0.0238693710314538,0.1252835860301,0.0139663718577583,0.331847472476318,0.0637490884836346,0.0911394746989754,0.0764873105903452,0.020115099641543,0.0366979697899867,0.0150066754791649,0.137841572477369,0.0265474575578827
0.0185033612180182,0.0288320152456499,0.0463017507335506,0.0749250018048159,0.0804404293810725,0.137915703124525,0.052518398019851,0.147785016570962,0.0281182898412067,0.0443493794227722,0.0613781958612883,0.0287476546915978,0.196271563808425,0.0539132402762648
0.0409986017192729,0.0354285796014212,0.0485566032425698,0.121366530697263,0.0552539780051976,0.112390269649727,0.0487928378462338,0.143145619662761,0.0257996952912147,0.0608271639204652,0.0495688833857672,0.0430506537968917,0.124971685890346,0.0898488972908695
0.0518325247842174,0.0260913862535073,0.0660384781816844,0.0986237901583042,0.0519857168772015,0.092798082641937,0.0294876109123616,0.251231370035215,0.0312559742458361,0.0509388180383241,0.0433712058424885,0.0261935353361704,0.134702745428703,0.0454487612640497
0.0544274344957549,0.01930999741045,0.029836229506637,0.149397527425456,0.0828048622046239,0.112952561979142,0.0376226267997415,0.262002284371605,0.0329291395420472,0.0306218078041361,0.0456085406653609,0.0154553451871102,0.106118897353181,0.0209127452547545
0.0593270605643812,0.0201291828032862,0.0125126065472108,0.36789117144189,0.035691937717398,0.122301510611111,0.0767290730672321,0.0892115637433555,0.0888658256210262,0.0311679310364516,0.029197507007725,0.0123625116326181,0.0351891375323119,0.0194229806740031
0.180031250436628,0.0224044096035151,0.0373753960326445,0.134774216971435,0.0661694001094202,0.0546033619549961,0.0790028866272878,0.130008541678688,0.108902270815284,0.0298088662264319,0.0523149490076588,0.0331896959243784,0.0391286749011648,0.0322860797104669
0.0490683689521665,0.0349364638888297,0.0269782347655759,0.172675434084986,0.110638256154975,0.0940344477524267,0.0894146020648155,0.115368188755744,0.0592782504679038,0.0481175967932596,0.0587566720091997,0.0290327113022913,0.0601464905085872,0.0515542824992389
0.0309914302693833,0.0170775079207658,0.0395951664329709,0.116991609175482,0.0130267248864827,0.158711262822966,0.111055540851715,0.215633862207131,0.0515511179102167,0.0368520682437356,0.0333662464013758,0.0168842361005275,0.127005408731006,0.0312578180462426
0.135309299067597,0.0221008941979796,0.0660512247906403,0.0970304691390348,0.136822370184798,0.0511458992880777,0.0571526684231621,0.174292922555441,0.0611059726281079,0.0331728395350144,0.0514163393860792,0.0338271164925507,0.0536168955539492,0.0269550887575684
0.167658550362866,0.0257674096663622,0.0738570559923668,0.1077607238181,0.0434949921118342,0.0384812480295061,0.0684841484574112,0.168715547183566,0.121578996920464,0.0310647008584963,0.0508940038312386,0.0353390381097553,0.0303864834886813,0.0365171011693515
0.1439420535654,0.0306023398018958,0.061869380080242,0.0898163273872318,0.11469323329397,0.0506927920108604,0.0635685791956069,0.136765579279726,0.0642668389678179,0.0311444574790926,0.0733471464261496,0.0432468593326005,0.0509200169687929,0.0451243962106136
0.124892580034699,0.0330871523252628,0.0849744945460916,0.07136306370175,0.0391640782006704,0.0597827298220467,0.0272520800573094,0.20072120830669,0.0243355441403385,0.0540986000643396,0.0518698282939383,0.0434100850071827,0.107389632604947,0.0776589228947338
0.0318418262970611,0.0375966659573947,0.0488849779069785,0.107914853680565,0.0638064989159371,0.142258482722567,0.0378848678507503,0.103328371711202,0.024884541647639,0.0559406201833082,0.0597247636918429,0.0416926824334264,0.158892825033287,0.0853480219680396
0.0711827670528292,0.0263754248486966,0.049338011290807,0.119973505966987,0.0946945075053039,0.090209053042199,0.0749420139264284,0.179062582267256,0.0685906748200546,0.0427939902413686,0.051036660234221,0.033274202887755,0.0656999396268965,0.0328266662891965
0.0733688523920825,0.0358039558976204,0.0411190198891473,0.144884640052783,0.0652142598785056,0.113691859692393,0.103551272670337,0.0877932064886837,0.0766688497848602,0.0273177865203813,0.083815890471885,0.0364153113862519,0.0557005946614676,0.0546545002136014
0.0385202136741288,0.0313649987314979,0.0422901557724908,0.169428725806211,0.0468371820312276,0.188688251222859,0.0585537929223128,0.0994647826348245,0.0588668184388916,0.0361277195189189,0.057338955594042,0.0297526640140947,0.0933419936562578,0.0494237459822416
0.0675689130469421,0.0259383563283587,0.0582326901993529,0.103538907216766,0.0385191013104843,0.12184756613533,0.0681594293275734,0.196527364298308,0.0344475126468876,0.0539202990438804,0.0560608827086131,0.0298874239946894,0.103381587984695,0.0419699657581192
0.0502763342657271,0.0215908447656328,0.0263448476021991,0.146386576352301,0.0497514470026381,0.0988410366795138,0.169871513414682,0.178323270669263,0.0595352271374967,0.0415543133317,0.0615080216967606,0.0234413492099718,0.0401223252020316,0.0324528926700816
0.0641380276993932,0.0286945807709764,0.0411204544505528,0.122709594863808,0.0372094328883018,0.142065339385808,0.0986490946595807,0.128655737338075,0.0649158874238092,0.0260722483142088,0.0759528062401446,0.0306632914744669,0.0878654819113007,0.0512880225795733
0.0118644159975092,0.0273842707971993,0.0102127269019411,0.280139392127516,0.0548108905573347,0.241109950784835,0.0670893375492459,0.0499460159120441,0.0734483971727017,0.0327641799565074,0.0405407879839687,0.0158836583383431,0.0605395080408697,0.0342664678799844
0.0657252234728849,0.0203423840384472,0.0233908728849685,0.175438571301089,0.0420872350664708,0.190161108186592,0.0562953968414364,0.0926197257279281,0.0911153360294282,0.0387759613589565,0.0610049644848291,0.0251195012783194,0.088201833147371,0.0297218861812793
0.0395496428561474,0.0143105375695506,0.100288810075117,0.0634122605994475,0.0101863548342994,0.178327677715552,0.0423173356502583,0.250279528464316,0.0507649395260671,0.0237627514138992,0.0374637136079703,0.0140304160127032,0.147766551038056,0.0275394806366169
0.00932629974149263,0.0200124857118935,0.0403365778242865,0.063755948724134,0.0138994943916838,0.217943672953895,0.0521887623989716,0.12847658284893,0.0415435607114248,0.0396383126400985,0.0432232922589888,0.0246012907997051,0.24689237781193,0.0581613411825659
0.0423434940295168,0.0258305276729527,0.0167955507851289,0.20594701296769,0.0176494421692676,0.172967440880046,0.11366752879283,0.0681514102150797,0.123864069126966,0.0387795227807804,0.0793044495457826,0.0242652741132003,0.0356651986718891,0.0347690782488697
0.165755476352487,0.0245647357509068,0.0400022990179552,0.0998091939955633,0.0183574636366721,0.0671879734425458,0.0303269360486159,0.277160457867615,0.0376805919710682,0.0466990164200322,0.0535626953207323,0.0254881049129742,0.0751995938290933,0.0382054614337395
0.0550325655801525,0.0337044833619606,0.0342459346087709,0.137206525026299,0.0696105570444945,0.111835724947964,0.126517646963661,0.0913529884344805,0.09528277153474,0.0322755836926941,0.0786596927390144,0.0355857589195539,0.0511233461683927,0.0475664209778223
0.0336756231948229,0.0237757390156353,0.0148667271699462,0.194529689820713,0.0139062878143503,0.170692263523767,0.143607397100314,0.0849898192568927,0.116465436213135,0.0361735457404189,0.0671989139134496,0.0201542927215644,0.0460035858994158,0.0339606786155752
0.0362624252043431,0.0187654508462669,0.0484143274016794,0.114828525004167,0.0208666177876242,0.218113165117873,0.0568836223157345,0.153416642845534,0.0760322491527402,0.0252060374144528,0.0424281564417642,0.0196395397040746,0.137408041905829,0.0317351988579186
0.0530734905526469,0.0167187267694122,0.056443622681001,0.165903601953139,0.0171388422013649,0.112371767860894,0.0607439560159589,0.225579051412314,0.0925210383806194,0.0414835464882923,0.0467347613704382,0.0217394544627483,0.059803745958788,0.0297443938923831
0.0818558893282128,0.023717776785434,0.0318747206923028,0.198138789051944,0.042729110013451,0.162877305172808,0.0891406493954003,0.0932561842474945,0.0845296511012958,0.0222995207463363,0.0567092727288085,0.0230856207681144,0.0587087998476207,0.0310767101207774
0.0429925196560543,0.0209174254860933,0.01371137368101,0.20917622335671,0.048913895787537,0.107052877625205,0.113105103557383,0.150405712832402,0.076074324183399,0.0349710593480166,0.0485840425844411,0.0219727517011339,0.0718960921261433,0.0402265980744721
0.0402660547693687,0.0205955306078816,0.0189005570973089,0.25394109106534,0.0196269597891894,0.0848415520764152,0.125517524481533,0.114504071651917,0.188201987129659,0.0270958827715969,0.0336825298784032,0.0196042266589233,0.0303367709234424,0.0228852610990217
0.107233248165766,0.0295726374402814,0.0761846780682891,0.0976295770642754,0.112845083197189,0.0610655459585156,0.0635595585981523,0.143534291588066,0.0722178463272777,0.0366493284268199,0.0635830168263596,0.0408645277887745,0.0553624880108676,0.0396981725393658
0.0747662527733912,0.0250973279353889,0.0747551066742798,0.104099720703266,0.0522682767277857,0.107586847351723,0.0815346908996738,0.158062818945007,0.0732459213358062,0.028186760887552,0.0684439177140217,0.0300261960521155,0.0823106998799132,0.0396154621200765
0.0609285721969249,0.016092208874588,0.0864907067218226,0.0847673485666183,0.0163593552836147,0.153492468667846,0.0590057083101593,0.244803891677636,0.0414346206894927,0.0230831629658796,0.0603255290745019,0.0142426532833783,0.106843530175725,0.0321302435118124
0.0676212626163194,0.0149352708853723,0.115233087925566,0.0789299289828827,0.0121992987198773,0.12582814147615,0.0511395901242093,0.268764754624908,0.0698822821259434,0.0245440592151093,0.0343625991601682,0.0152874856354208,0.0980291047191674,0.0232431337889055
0.0537355061430109,0.0324702136165058,0.0725544534126449,0.136843865499505,0.0420620562418193,0.0719457410701382,0.190256390548156,0.0928205824844873,0.128650903434866,0.0200033050335994,0.0489409701932648,0.0364740366543664,0.028317082732215,0.0449248929354214
0.0455315817946177,0.00954525880567538,0.110418037656555,0.0475343463579818,0.00656741175676761,0.0846190683524339,0.0265968797966137,0.432462529247412,0.0225585731917176,0.0205393773378175,0.0403368568612731,0.0087839952428186,0.12431694771514,0.0201891358831765
0.0440285303001105,0.0117282437963524,0.0708530583997168,0.0642410590770909,0.015548350545498,0.126811120641481,0.0716837828226194,0.325389692503777,0.0452236497758895,0.0228134832690018,0.0310483964226097,0.0123373449856009,0.137828742195327,0.0204645452649256
0.224809640215055,0.0302430389120237,0.0632961845497201,0.0611405168686034,0.153675192763606,0.0217309712514395,0.0432633690939384,0.109360207125026,0.0772570539867691,0.0340466104922017,0.0671143941272024,0.0498453127137645,0.0298349695070631,0.0343825383935873
0.0249812140852681,0.0299790830115762,0.0884987258168496,0.0966570227068784,0.0119040044559733,0.216821467790939,0.0186650966669421,0.100163573626396,0.0398978446745547,0.0418596575756571,0.0459549447537871,0.0288704988608559,0.194460366327709,0.0612864996466129
0.0311495806604734,0.0236944189786518,0.0179095316865267,0.207576299184043,0.0518218178575693,0.11230767189115,0.13642930519609,0.0917891904847361,0.0984879882402279,0.029021546533389,0.0710333160401641,0.023808081473971,0.0430298956047703,0.0619413561682376
0.0358062477215934,0.0221596998377969,0.0540273122425281,0.138325782660167,0.0254604998528989,0.177083412509048,0.0315048852924954,0.152691799181748,0.0761238270670115,0.0473175390284116,0.0386989030016838,0.0258015837955554,0.138900769137088,0.0360977386719738
0.0510100271456983,0.0194452032301129,0.0356548177737688,0.223899860678966,0.0231781260617421,0.2005160856826,0.0512413952048652,0.134491228730082,0.054605008822149,0.0302439793906326,0.0519382682105746,0.0153110908135948,0.0786768702206016,0.0297880380346129
0.0606266856876463,0.0253616484070576,0.116031154521817,0.0615692939838542,0.0471320438443513,0.0996208552107292,0.0261239726477073,0.237602769004549,0.0444423015691204,0.04338385871049,0.0571006429728307,0.036538780597504,0.0972782671651503,0.0471877256771933
0.0771383531541062,0.030448263074238,0.116022526235468,0.0954297177859291,0.0410662108380144,0.0977850480327424,0.0434577653969332,0.160660764855943,0.0961045951915441,0.0389313492257804,0.0578656337224426,0.0365578498726411,0.0657028198231491,0.0428291027910683
0.0618795713929419,0.0315560063125563,0.0376658254808531,0.126834605703867,0.123079604142671,0.0777930884812267,0.100782004935674,0.141134492807373,0.0635350800076877,0.0429707073209475,0.060522172428269,0.0339127743764127,0.0572573519330654,0.0410767146764544
0.041334881202407,0.0273578655250714,0.0229392668241401,0.12941634362633,0.0108467524528574,0.154207756965957,0.107806212706608,0.158734831906017,0.0363990486199043,0.0744721303487311,0.0679401608587223,0.0251621403892294,0.0840675151879866,0.0593150933860383
0.0380102838066126,0.0166786223648962,0.0602731523211985,0.160471463747827,0.0307006403533918,0.0847109927589721,0.0937467738469429,0.224518123237051,0.102925665438682,0.0458914165788766,0.0401602502261208,0.0236475120903585,0.0512708213958595,0.0269942818332105
0.0314297731193081,0.0208588237047323,0.0675799625285155,0.0939250168220793,0.0159917483823682,0.18611733444867,0.0301929934014159,0.164626240760765,0.0584149162038006,0.0392914554999649,0.042348951590076,0.0280316112504798,0.176754921889066,0.0444362503987576
0.0847317866068461,0.0235309313042228,0.0462965832448305,0.165235151883921,0.0209473817273282,0.125002111821446,0.0701175803453247,0.134602294340282,0.111377900081834,0.0307563131857028,0.0629844830423524,0.0277839111787294,0.0571107189174853,0.0395228523196944
0.0581489214624379,0.0249096646152346,0.131251406528836,0.129765902320493,0.0511050695117095,0.0788495583145229,0.0856074637840918,0.170358839523986,0.102605745583899,0.0257744205071704,0.0364653403818847,0.0302575719933552,0.044856122119148,0.0300439733532311
0.174246954722694,0.020786663187695,0.0747408351666148,0.105475234649017,0.141483559681206,0.0384904442998301,0.0369701751964489,0.193457541742668,0.0448688741091808,0.0370102972509308,0.038442074399131,0.0296654612497415,0.0422677111006529,0.022094173244189
0.0354400477023329,0.0330199671261765,0.0209111657672959,0.213588809839486,0.0554672988979919,0.120950613842812,0.164472327519502,0.0767253828644754,0.120312977415178,0.025529447668661,0.0490930515280636,0.0201176298103658,0.0372298819785278,0.0271413980391306
0.0551884039015994,0.0168125352276815,0.0500740224699216,0.20090600069395,0.022502615226384,0.114775284550181,0.0925152916899471,0.186527483008868,0.128058966935569,0.0263980352212724,0.0276839149526804,0.013753219229263,0.0475854445650071,0.0172187823276755
0.0287835315404922,0.018386690534379,0.0455197156346375,0.0781152155769566,0.0181247899507642,0.191176463796688,0.0751153089729776,0.187867005176886,0.0421510909030908,0.0271201922629156,0.0618794230352552,0.0174636990698261,0.162681128572407,0.045615744972724
0.0442032094283644,0.0295919884348541,0.0766801331055881,0.085600848136359,0.0296554096447638,0.0889090637283696,0.0416312375474245,0.199909497248949,0.0433081255166816,0.0557823529682505,0.0683955348085522,0.0380957294643033,0.133336221178188,0.0649006487893522
0.160068242626054,0.0332919873415663,0.0469501900917533,0.0935097595935013,0.105783251561445,0.0299617354373083,0.0590133596987901,0.142711004254088,0.0804690808732753,0.048495982195063,0.0632181557608003,0.0485213647616861,0.0410570764874864,0.0469488093171821
0.0846126604332092,0.0169130158364111,0.120937741312219,0.093113087096438,0.0291260529254553,0.0774461534771344,0.0381818060713288,0.269866998825137,0.0415691723322454,0.0358391661002055,0.0376008046849168,0.0205816290264539,0.106192818712685,0.0280188931661599
0.0275663335243013,0.027389000409767,0.0403595684157267,0.115188959300374,0.0514002726479324,0.139059818553381,0.0952575044551197,0.184617289117489,0.0455811275282997,0.0462911379516767,0.065552248854251,0.0246169704043669,0.0939669926671018,0.0431527761702123
0.142993890333297,0.0200872952191704,0.0248128166893241,0.137682463924665,0.0270960686746812,0.0711705710161365,0.0230033060102078,0.336718204743803,0.0254663315207502,0.0344196408991164,0.0518014921870807,0.014553490944131,0.0644597041891996,0.0257347236484372
0.015929902606645,0.0264507699860901,0.0299165834625152,0.102238306731729,0.0236851049780768,0.203824701234031,0.0533479405822955,0.101403847955144,0.0578677322575264,0.0429548233200588,0.0512750919336561,0.0308269345671181,0.197121346319604,0.0631569140655096
0.01357668999237,0.0227260476895133,0.0360496483624215,0.0978283356412205,0.0209430198058789,0.229287650503504,0.0647749769775378,0.10941960261752,0.0665894976578597,0.0350472934697195,0.0383430772731624,0.0266372342332189,0.178562784754704,0.0602141410213695
0.0401241080030479,0.0433033823017171,0.017956349199429,0.1884385672901,0.076065138546258,0.16560275191853,0.0899361243193489,0.0717832444859035,0.0477972608960827,0.0442466941030043,0.0615152124309974,0.0268757858550004,0.0753050040195095,0.0510503766310713
0.07314112147171,0.0134310807576886,0.0268308860493968,0.262595353296969,0.0490074926067831,0.0887040479978465,0.118183089884789,0.131092107325369,0.118650169437856,0.0197613184041245,0.0364502037957331,0.0179168843687774,0.0250678924276941,0.0191683521752632
0.0839520888218629,0.0300140370474295,0.0547839791781604,0.140588429840973,0.0514357073262839,0.0886726888726175,0.0596629840782048,0.174462812045906,0.052815819039675,0.0456068315867183,0.0647680648745819,0.032892724928091,0.069353036992033,0.0509907953674631
0.0767612866909004,0.0238363125599526,0.0199592958078533,0.200436931434227,0.0383758826048795,0.116035903799669,0.137385342705996,0.158787413677443,0.06258410215815,0.0309441855104934,0.0457791204360248,0.0162878957811797,0.0474098931570485,0.0254164336761834
0.0588452690240539,0.0360719247105151,0.0368269481335492,0.126269556752233,0.118501542598561,0.0992161379355087,0.106735483717769,0.0948726938126099,0.0683460333255365,0.0322394854101401,0.0722039542281465,0.0379715118288702,0.0621661709543508,0.0497332875681566
0.0516048974664177,0.0256270162030779,0.055277845875219,0.102961480917826,0.0604560227410837,0.133616773430655,0.0440205473448478,0.207186346189497,0.0478914838525825,0.0419189341144605,0.0490091527768784,0.0265651490937816,0.11814865333238,0.0357156966612927
0.129546176565911,0.0253914546337632,0.0961641291106148,0.103736280565033,0.0463446983437525,0.0532337762163308,0.0572851626483506,0.206845473061247,0.0530313217924515,0.036555831721079,0.0580357722746113,0.0305573503719866,0.0608398064690372,0.0424327662258321
0.0501922594124966,0.0226494801534504,0.062970832110125,0.121036190809526,0.0555782557144302,0.0997804471970743,0.0752037939898199,0.200904291437305,0.0893001388463752,0.0318130323230731,0.0440559516087406,0.0255204222347164,0.0889411531349717,0.0320537510278963
0.0488552841277885,0.0316726383989139,0.0554923771418381,0.109014767553827,0.0658312942839335,0.134324559924917,0.0719804355696214,0.116498897760133,0.0647519928263603,0.0348099257479431,0.0807743115479564,0.0388095406237447,0.0916543460034972,0.0555296284895264
0.0908609515966423,0.0125020357180933,0.20238074611156,0.069059697685274,0.0128845434883145,0.073653414130776,0.0169778518145501,0.298502045604679,0.062079480129376,0.0221816751019919,0.0247891362295016,0.018730345755056,0.075082341416999,0.0203157352171859
0.0585925428007926,0.0273778950137407,0.0472755893323875,0.0912698678550111,0.22221994556653,0.0646460527788844,0.0564324449527672,0.148405213913208,0.0500371678398028,0.0424796104328782,0.0554461951318411,0.0381722394241875,0.0581570343553256,0.0394882006026432
0.101926308123186,0.0195743174000431,0.0233920877193458,0.202800019475116,0.0403447640371317,0.128285807726307,0.0885918572818728,0.104669169252905,0.113910489948821,0.0288353337833426,0.0502495533532505,0.0223237640943341,0.0500955062779456,0.0250010215263985
0.0493933994121368,0.03341189253098,0.0387561692336593,0.10810073485531,0.0592153536814203,0.0834605561542181,0.12558105416438,0.174822681845501,0.0324143480754531,0.0594765104128378,0.0857852688750544,0.0341177658965503,0.0558563003079784,0.0596079645545202
0.141339611289977,0.0143872062882952,0.106588613655769,0.0931361806270546,0.0229139340409874,0.063411451552078,0.0221370083509142,0.303459752460835,0.0479516082618438,0.030181195189419,0.0307474113512142,0.0198522070356419,0.0801944055734949,0.0236994143224752
0.111413377185071,0.00912401241292158,0.093782509156263,0.0561576187039826,0.0351695205846194,0.0341448296410648,0.0350598822887248,0.45582449432246,0.0340109145166182,0.0223886700406376,0.020729149574553,0.0138233469854011,0.0669119417780337,0.0114597328096488
0.101752831946955,0.0317705016755288,0.0531358716790469,0.141608960595553,0.0394600958233129,0.110352315728836,0.0616517909992334,0.10830635153268,0.0886316506910061,0.0442788001504684,0.0839067609659662,0.038026908578373,0.048913282130671,0.0482038775023686
0.0153427500031567,0.0208932889266837,0.0331047465539943,0.0934380794268422,0.0179089817748743,0.18034117629505,0.119209887921094,0.139282520554795,0.049139776146719,0.0413300204925001,0.0639652681904132,0.0214551789820288,0.146341031859095,0.0582472928727526
0.0863219602939762,0.0265875269774334,0.0331839530911268,0.160188265519849,0.0801627525425748,0.0927198176302096,0.122719974243347,0.127075718646592,0.0625311787395168,0.0349651052704783,0.0622620486694293,0.029653909802251,0.0471647675817558,0.0344630209914597
0.010871786384989,0.022539239120949,0.0230132381990315,0.114342324527565,0.012728753693535,0.222941740719947,0.058691503865418,0.126948918642343,0.0310764608289998,0.0415742494203301,0.0495549346535291,0.0179923099697511,0.210885023268985,0.0568395167046268
