"Beautiful","Confusing","Courageous","Fascinating","Funny","Informative","Ingenious","Inspiring","Jaw.dropping","Longwinded","OK","Obnoxious","Persuasive","Unconvincing"
0.0233823242542548,0.0243622357409194,0.0615928332796774,0.0726146842044472,0.0451160800544026,0.153769004646002,0.0559926680370946,0.176980338159001,0.0348762202323866,0.0465385151766675,0.0541299703356797,0.0308582074507521,0.166787587849327,0.0529993305793882
0.0230736740988024,0.0117606591102866,0.0536383816605328,0.0869478788337416,0.00762816189050194,0.183779496723762,0.100684318733216,0.25749199580885,0.0496178007642554,0.018399422139295,0.0346330514751093,0.0113243591919085,0.136611004625702,0.0244097949440361
0.0214069684910677,0.0205078210670364,0.0859841577989616,0.0807157533847145,0.00692280930840476,0.229248516127812,0.0361579493711661,0.170864071010068,0.0382861854145812,0.0336769679866831,0.0365260406160132,0.0187145857267527,0.178721025561968,0.0422671481347712
0.0461329181368189,0.0176632763479638,0.0640454999349164,0.14377700033547,0.0414665476129038,0.102288699319882,0.0865602254703287,0.233525747716684,0.064347062235979,0.0377220281334337,0.0490940634268546,0.0232060256605988,0.0618792379013903,0.0282916677667751
0.00932781167020354,0.0223118307803269,0.016023011609939,0.256135649140283,0.0101962832678277,0.299880188344296,0.0582654346357484,0.064222948082236,0.110524354286305,0.0283821946118521,0.0289969853958184,0.0130654003929082,0.060709408153454,0.0219584996288019
0.0328664944211137,0.0309974116285354,0.0394816387907765,0.124851554304495,0.127616398788528,0.096534563240398,0.119758951684947,0.142930340448657,0.0666395289002969,0.0431865728531607,0.0576475050875706,0.0308503224519247,0.0510909488039876,0.0355477685956092
0.0349113617175808,0.0199340021285978,0.0458928178636463,0.102435637992301,0.0368799204539127,0.105881555532299,0.157256294040866,0.198692643349261,0.0508414969158436,0.0303842627931046,0.0509643163799219,0.0247683303873258,0.0905858621037765,0.0505714983415622
0.0142484155905445,0.0184645071784006,0.0505245860535277,0.0708991854739997,0.0281188471936002,0.263229721904326,0.0508827844212459,0.108335630623545,0.0330227343546205,0.0230024950203186,0.0529518948241448,0.0244133442071149,0.214933903854205,0.0469719493004067
0.0551162368326703,0.0108812795984416,0.0581517226341499,0.195736022932878,0.00722419293529589,0.115813231736436,0.108418121962102,0.183988174880462,0.141770898699639,0.0123413693938002,0.0270086611834276,0.0144641489378919,0.051099199385582,0.0179867388872232
0.0948394735895169,0.0286593000704673,0.0382953723177484,0.11250122566999,0.0979691589892186,0.0917091356002631,0.095049879954724,0.163401026577631,0.031367007297594,0.0518934861772346,0.069113329885706,0.0313283296607651,0.0575138813194448,0.0363593928896963
0.112721325580288,0.0298680029265376,0.0314374874813834,0.144003926042832,0.0623328626563517,0.0623677347534,0.12542482830345,0.132621086831917,0.0635525604500257,0.0371567388429564,0.0937103907161635,0.0323933440567739,0.0298056671748162,0.0426040441831054
0.0424622101477255,0.0245994532735919,0.0411029346879841,0.129520948107589,0.0967533585904944,0.205880618846635,0.0236245290875223,0.129275721014657,0.0261487747281709,0.0348421249880664,0.0569924282945633,0.0265984247942008,0.115849706297901,0.0463487671408983
0.021405977297173,0.0248296934914331,0.0230204196864972,0.201864633558536,0.011450953673309,0.170626848732362,0.0726416340762889,0.140630369732167,0.0575421889585929,0.0456251210211282,0.0537366891546781,0.020255747226937,0.0933709770800115,0.0629987463108863
0.041677997125621,0.0275942461957037,0.038439247127038,0.110183700052634,0.0668514408525071,0.191656866509189,0.0677687290894226,0.114496420313598,0.0329199900448546,0.028134229649674,0.0849075878909916,0.0287895312340847,0.112889296682392,0.0536907172322903
0.0902917203208482,0.0221406916719977,0.0785391205234602,0.117772672508708,0.0833166067569766,0.111769694272011,0.0540108312561956,0.178531438978892,0.0404871947571077,0.0270407573946611,0.0678997839717753,0.0264054219030823,0.0706246831784237,0.0311693825058607
0.0449602228008778,0.0322877088235651,0.0286378269074188,0.148270409428223,0.140284056052328,0.121995503456238,0.0696450122684408,0.103264109001518,0.0497800789139763,0.0474988213656809,0.0589785611477667,0.0327787720600448,0.0798314638314777,0.0417874539424439
0.111371537231299,0.0167795312359277,0.159158449313725,0.0926913745770519,0.0193120825735808,0.0870359636992412,0.0320576712542239,0.231159952922981,0.0782012533914478,0.0252711408795411,0.0414648493023252,0.0221928252680147,0.0592911170098633,0.0240122513407773
0.046532760087404,0.0160898464089613,0.0315752441445398,0.149407535001377,0.019621723540612,0.098603985315829,0.142126202421593,0.253566839221245,0.0507849595237271,0.025025905488672,0.046677035958586,0.0170472923140669,0.0769965898027197,0.0259440807706669
0.0646030311555747,0.0247466950032929,0.0222410779241627,0.168643120736116,0.0354191184595487,0.0756482223448123,0.172357481664215,0.17619551124337,0.0638577304856386,0.0478495275966839,0.05385174718923,0.0243741724051822,0.0329784223836288,0.037234141408545
0.0347440654621986,0.0258180812040516,0.0407744135679881,0.0791281410038207,0.172176538369986,0.105075799307652,0.0899877420852558,0.156572036121939,0.0321710160314826,0.0381095832689776,0.061148091673483,0.0320509641833716,0.0919428322607784,0.0403006954590161
0.0453266776082603,0.0271162102630534,0.0798449592808708,0.0958685843358754,0.0604060246457547,0.176704591002623,0.0531239886991551,0.134879471543054,0.0414770240823886,0.0265338257692761,0.0672038165922632,0.030804296689027,0.116623909451539,0.0440866200368604
0.0452707089969453,0.0206303819429172,0.0626421082126272,0.124791424471076,0.0360333256831392,0.190822487573058,0.0744195043116302,0.15429780483734,0.0513246406904113,0.0253360915108711,0.0487762511392402,0.0205043599013889,0.114601588863294,0.0305493218660607
0.0817768062600995,0.0257724222539185,0.0238342552318253,0.158906477086225,0.0139297009939885,0.153531888615898,0.110061681018568,0.149334174894984,0.0323475569963104,0.052964486524747,0.0769934974898259,0.0228689146613356,0.0543552787872113,0.0433228591850637
0.0319134282228984,0.0263785010321246,0.117764521656198,0.0976373561352308,0.0149145037459066,0.155597545719798,0.0355236407353119,0.185316783352308,0.0679818068192125,0.0383715663251636,0.0354197706607658,0.0256823349781563,0.124530121814778,0.0429681188021476
0.0909842551813477,0.0109711859143643,0.148442204488757,0.0746260390262133,0.0142365052372664,0.0911041143760925,0.0208090342646447,0.341024095622133,0.0398714476369222,0.017951267593011,0.0303438695759425,0.0140196207515993,0.0887186024593324,0.0168977578723732
0.0239524588360024,0.0292475195699097,0.0296173959929566,0.236088849484964,0.0360118827989191,0.182860542905331,0.107293852865586,0.092534795789745,0.0987174713905227,0.0302607357073612,0.0391263932992908,0.0168787359294259,0.0533379278016157,0.0240714376283706
0.0782535431030627,0.0144823753955761,0.100269034525724,0.0871393542665973,0.0339674807604752,0.0995687953002902,0.075927223366335,0.298963219804218,0.0366059802233405,0.0189060782598571,0.0420088698954953,0.0165042226359335,0.0762072507412461,0.0211965717218482
0.00651004886879794,0.020786589977686,0.0106529732512849,0.205460164540787,0.00641803468485396,0.27876203018723,0.105212851705605,0.0860302805290531,0.0604424310983075,0.0351562916084267,0.0429150113696204,0.0126890821315467,0.0847951662512826,0.0441690437955184
0.0254349736376085,0.0239364838180013,0.0328399030754262,0.200174896814833,0.023417442422292,0.206886553381518,0.0670339782126188,0.112974905411729,0.0596575395912963,0.033753698616531,0.0431519026131457,0.0230659142096225,0.105274898946783,0.0423969092485947
0.140333983788648,0.0109767208263378,0.0362958729218931,0.229768110102533,0.0126478361700766,0.129010257930869,0.0482586470829857,0.177634076030294,0.0903833216458683,0.0192203683656361,0.0277461040870398,0.0126264924324973,0.0487404902694057,0.016357718345916
0.0574245913681945,0.0252064712267482,0.02594899932057,0.237481285783184,0.0181483262635197,0.174445796018293,0.0353494273661735,0.140652111764511,0.0577478323664042,0.0446133195061103,0.0480793273899404,0.0192914553642333,0.0752409888785444,0.0403700673835726
0.047360340659205,0.0191356545006412,0.0492722564920793,0.122626358679209,0.0433989154599927,0.108285808396836,0.137879271247269,0.235768877536655,0.0497340125918163,0.0333707389794242,0.0471574026558654,0.0190023845022365,0.0616806780175874,0.0253273002811834
0.115728557533708,0.0270623041589641,0.0288309802182652,0.157300271976408,0.0645036318560284,0.0751374182179627,0.117662994065443,0.134912001705536,0.0686333647904488,0.0288892943366491,0.0686206825722387,0.0305790977187501,0.0434772780899525,0.0386621227596456
0.133107751874512,0.0288494516669097,0.0287006380006787,0.140324894303415,0.119059346602847,0.0464187834799884,0.0955726825985221,0.136320850955278,0.0583287603766882,0.0326479336744738,0.0645259420455668,0.0366708576864514,0.0383820474103543,0.0410900593243138
0.0465544174492042,0.0278475219332356,0.0249044706686012,0.224470404254614,0.0124559277034642,0.209684135851192,0.0442343084256033,0.125749117880735,0.0449187991207252,0.0414926674568991,0.0560957772488484,0.0168025607464197,0.07857249487618,0.0462173963842781
0.0379660677582591,0.0239843943217625,0.0153548038278503,0.259674656565948,0.0176140983306494,0.120361952301973,0.181769531891961,0.121813947042739,0.100226544592073,0.0246690411913036,0.0350562285495203,0.0128818490382184,0.0275119734417427,0.0211149111459999
0.0784123100694505,0.0289182481739251,0.0273273258692588,0.142897187290758,0.0297143981298726,0.103788948753115,0.128434502741652,0.161143758167384,0.0340824693420962,0.0619868872485978,0.0772883272342138,0.0279162103443303,0.0505604980356564,0.0475289285996894
0.007328485987633,0.0190874275969293,0.0590185430538669,0.0551753126928117,0.010825778024981,0.23489071040731,0.0627666777159938,0.108939161316017,0.0424726603528995,0.0384697199526568,0.0415746994701609,0.0232759845739934,0.222574649430362,0.0736001894243844
0.0430936360265001,0.0100565681347967,0.101147018744164,0.0609274414308934,0.00966452247423943,0.128069612582979,0.0463231153051286,0.350626159909388,0.0231853468654737,0.0188841029048076,0.0285596606330522,0.0106490099456053,0.149876243420106,0.0189375616228662
0.0308743392708008,0.013895608885909,0.0895834702161481,0.0711959744068891,0.0143281832177037,0.131226470711748,0.0848256679533501,0.3393154382037,0.026812345394684,0.0280935249308972,0.0444345184460649,0.0134632003173559,0.0897592652426109,0.0221919928021378
0.156770012897373,0.019986519933416,0.176339085558468,0.0620034990075996,0.0223473450460261,0.050065109561862,0.0151238877014561,0.259524861621478,0.0655137365152669,0.0362348099415413,0.0402570456334915,0.0297637124508273,0.0359707153313715,0.0300996587998224
0.0560270990852812,0.0229581862630144,0.0556318637705412,0.117786157515673,0.0335253371574085,0.144076831811782,0.0518964984213914,0.204630221361426,0.0684875644792853,0.0412498898463719,0.0498241384590087,0.0289442910918273,0.0858486019049721,0.039113318832018
0.0260947083705837,0.0138155774522698,0.0592020787940746,0.141956847686103,0.0249200889645618,0.214197440045626,0.105683991892117,0.161479959283062,0.0596976370885861,0.0225256750740052,0.0393693334317336,0.0144755625509213,0.0957292790250137,0.0208518203413427
0.0356781146324454,0.0224977841641414,0.0713355905977581,0.110832477319273,0.03210296763178,0.200438673487319,0.0555617505089846,0.14661396185157,0.0542968746465942,0.0310552138361434,0.0564716945311934,0.0280562382098218,0.116771175685398,0.0382874828975783
0.0867557699136652,0.0149907731491482,0.123904362503907,0.0693735894614009,0.0224632756983108,0.0783367866871042,0.0329472476642343,0.330269706615891,0.0440550929677696,0.031003142518232,0.0357005101139595,0.0177042661847849,0.0868131022827966,0.0256823742387961
0.105581267676446,0.0188797683310345,0.161554285025785,0.0823488584140274,0.0635203489915121,0.0686993412242237,0.0251207544232698,0.23197393145227,0.0448236406117634,0.0294976375114073,0.0388504110630831,0.0269503977843339,0.0744653833311395,0.0277339741597049
0.0183100914142466,0.0182515698593506,0.0449291469861603,0.0921315333093997,0.0284544957410729,0.170875186506623,0.0769976564332799,0.230784071164176,0.0248666061922399,0.033513136452856,0.062805564124688,0.018033447677721,0.141460596792821,0.0385868973453651
0.132829874716885,0.0176754370515667,0.136161342047459,0.072374926664969,0.0336817404188362,0.0917796451443813,0.0203112330842068,0.266354684893441,0.0385970792956152,0.021367975182609,0.0466764695184451,0.0248367257040127,0.0665141947149216,0.0308386715626512
0.0423390624074477,0.023867379158892,0.0160889622822957,0.187266188234894,0.0304381154162377,0.104829378395687,0.208869357291583,0.0963121192258536,0.114463848598428,0.0254864338507368,0.060542364294355,0.0222338426175377,0.0310498380382074,0.0362131101878446
0.123843456772312,0.0108460717547695,0.0907503315447741,0.0709990863385012,0.0207863540004282,0.0378087453149942,0.0264073142723701,0.434098640070957,0.0327120596820481,0.0221573540029985,0.0270679832659468,0.014244056774206,0.0688412307494498,0.0194373154562447
0.0182425394782988,0.0245434530270722,0.0380143414197088,0.134226919243629,0.0384192440439911,0.286709219369284,0.0431512819807195,0.0903162289159703,0.0297794401331491,0.0329875450901913,0.0513298252402811,0.0199578747440067,0.155368693570259,0.0369533937434395
0.0313087802996554,0.028056103308595,0.0365945800781379,0.130463152162716,0.0209974203030645,0.15965297453056,0.0475155268680692,0.173456713768399,0.0311939533126474,0.0430118337705086,0.0519560915575608,0.0249680641395114,0.152971589214397,0.0678532166861786
0.168755908766521,0.0144307755497577,0.0861137279291406,0.121743797610412,0.0124206439543167,0.0718592589556992,0.0160611009511244,0.281877560551754,0.041632795284086,0.0348787702729804,0.0266509987363102,0.0158736322415194,0.0833485790946688,0.0243524501017098
0.0727809814448073,0.020328112375007,0.0770977131161928,0.0883428840618747,0.0650719346564601,0.0990957044503313,0.0530825385860179,0.245849000766509,0.0323080180575237,0.0251588646271273,0.0636206316434904,0.0237999989715456,0.0979817498748466,0.0354818673682661
0.0720568607752978,0.025167502075158,0.0809692526269558,0.0847453826950901,0.0644381900096387,0.0855641976382157,0.0332669911792515,0.234899697953905,0.024053044305612,0.0425210669772279,0.0464599644444292,0.0304818052146448,0.12371402973644,0.051662014368134
0.0235896465458831,0.0286564166199019,0.0255893830152483,0.136541880621481,0.0244142601851381,0.172875920202728,0.101775745837907,0.126287487643083,0.0520177405012555,0.0440962557605136,0.0768294713944676,0.0273286102268062,0.0917315496600969,0.0682656317854897
0.029826013734932,0.0178917984612716,0.031320249341112,0.113339161360444,0.0125255598019,0.160708315103904,0.0967535718299847,0.223085063065315,0.0399329292388189,0.0372570895685182,0.0462718968191851,0.0180714165147858,0.129585536134025,0.0434313990258033
0.0345750482854489,0.0202513461211552,0.0755180557085202,0.0890256520249726,0.0327670051560185,0.185002704693699,0.0504672730457176,0.1935083045979,0.0434601896538961,0.0322651974385833,0.048812397754012,0.0218910606677904,0.140895676298805,0.0315600885534815
0.073520201356029,0.0190096646889618,0.0314297114100979,0.235738018027721,0.034197061287369,0.138167002415672,0.0762394211079006,0.140826854679219,0.0767356718137943,0.0278415321198416,0.048882975750939,0.017351816112725,0.055330435604447,0.0247296336252824
0.113635974081408,0.0298925032896303,0.0203469161145493,0.173282757465775,0.100291795333049,0.0875445216785765,0.0866144207378873,0.127217787781884,0.0537578975966851,0.0334982750925875,0.0733220804116397,0.0280260203014727,0.0348350235049433,0.037734026609912
0.0238774676638263,0.0179650392945327,0.0798851305313525,0.085231372556028,0.0182561001953945,0.220242246721081,0.059175824945975,0.181209117728215,0.0461930571697369,0.0278408330384772,0.0426202643422181,0.0183209757713468,0.14683931500384,0.0323432550379764
0.0169908479832287,0.0160717186824509,0.0184564223949621,0.301545564803782,0.0193647406502061,0.20538205280626,0.0601435614428964,0.0859560863352002,0.149464407548572,0.0238581954696097,0.0182850129931944,0.013439349132051,0.0562610160452997,0.0147810237122876
0.120688100071817,0.0269840347569977,0.0733619940354159,0.107092075171382,0.0658901395299988,0.0869418187807915,0.0528423439120596,0.164797950871198,0.0512038063185377,0.0284069177210729,0.0704288364076486,0.0356589781759329,0.0686099675112528,0.047093036735895
0.0586700806616643,0.0220573045662329,0.0607328339457069,0.116995703628972,0.095428732317295,0.0865719381800309,0.117260525408004,0.170029405703213,0.101885385124223,0.0215827589310967,0.0433421096734864,0.0281306551309165,0.0496032941895894,0.0277092725395686
0.0560114231669785,0.0130222368520776,0.267119969014657,0.062870716135167,0.00243766027529965,0.109507278941257,0.0141950774088533,0.243652053717072,0.0570529422986365,0.0238053009205796,0.0223433598566264,0.0135674049211207,0.0930538485747539,0.0213607279169204
0.0132593099526237,0.0101762554412293,0.0886477854992698,0.0556571452511066,0.0053488271747037,0.236886068343949,0.0433802362788197,0.203143090911548,0.035247415417088,0.0217284625936854,0.0228143944045019,0.010475089186174,0.234104413659191,0.0191315058861105
0.15999406294253,0.0214192526083002,0.127827920748969,0.0629000921694597,0.0887773173561042,0.0457712434220421,0.0225232674250841,0.232546483460714,0.0303750691833464,0.0328081922103892,0.0368248331561071,0.0337598729041472,0.0687252451769938,0.0357471472358125
0.0841960313976593,0.0152175768160666,0.12829459653217,0.134787823867708,0.0463672929715853,0.0954747458099919,0.0237182956622622,0.201277236454545,0.0936684720791153,0.0234296737859767,0.0466184988366312,0.0305836723187314,0.0512965852583244,0.0250694982092319
0.0580442889576219,0.0118213652022092,0.0864446962994525,0.0850227236075971,0.0147130668091232,0.135438264161627,0.0586670817684182,0.301375215272521,0.0549317629617686,0.0203783553118519,0.0307408767396426,0.0129020166391052,0.109468173692475,0.0200521125765876
0.0217119829122817,0.0167430897253607,0.0251948140075053,0.127823466943188,0.0139671648759682,0.342633043905334,0.0627010010322854,0.0971880793754036,0.0646203998395681,0.0185892596176808,0.0366807364200148,0.0141427014264343,0.132535724945095,0.0254685349738791
0.0210370630573246,0.0251084939524827,0.0485726547449621,0.079467400693191,0.079970115476792,0.156577906782465,0.0510812892354436,0.163884984678937,0.0208752959572822,0.0364651593546664,0.0609416213690272,0.0247593531853878,0.182309211118492,0.0489494503935468
0.0411222489558993,0.0352080228365296,0.0500714938683937,0.118461573378711,0.0548768623562984,0.11209690675528,0.0485786978480561,0.145302487832913,0.0270136058641158,0.0612779587464387,0.0496158430153435,0.0422750083853657,0.124938540142677,0.0891607500139793
0.0555080011536153,0.0232414880441417,0.0670354277615276,0.101640387327791,0.0509354378816609,0.101395729670987,0.0285921473216752,0.269355680220011,0.0253910399975514,0.0434849062356807,0.0426051573021719,0.0231343693724103,0.125915442370161,0.0417647853406145
0.0568272974149747,0.01709597796414,0.0303642709308284,0.154185738095344,0.0810461479033973,0.124236588084656,0.0362003061636936,0.274694056434365,0.0240558044807916,0.0262334844102277,0.0441954944209628,0.0136363766466541,0.0981155829384389,0.0191128741115262
0.0623975372599298,0.0193092520383778,0.0127569480095075,0.373332171282333,0.0359896566191302,0.126766725158836,0.0759821114135031,0.0903537955520693,0.0795421182654062,0.0295227454353818,0.0289143170988527,0.011817943166571,0.0344171626774855,0.0188975160226156
0.206446558405384,0.0196645339811987,0.0390607286470231,0.139720705518386,0.0651366779498692,0.0598671168339935,0.0759538034286822,0.142360835716121,0.0813943806888542,0.0244779016367889,0.0518717183271661,0.0289084832389654,0.0358760312084052,0.0292605244191626
0.0534612177445651,0.0314632234804308,0.0281213591188129,0.180473765573988,0.10943932995345,0.106267220170556,0.0873782081671126,0.12579858048837,0.047173675152267,0.0416643319320559,0.0584729493559123,0.025924620682943,0.0563659167038385,0.0479956014756969
0.0328497076896319,0.0157312564269279,0.0404300492052394,0.118143170840395,0.0130252204037881,0.167697226781664,0.107799203352473,0.225256849066514,0.0458602535427626,0.0327367944375068,0.0332380255970407,0.0155066243362697,0.122103287479192,0.0296223308405953
0.151571202098601,0.0196896127395098,0.0675863355585553,0.0997844234898172,0.134889797198936,0.0552024356615107,0.0550201706327408,0.184484966528529,0.0484153313788652,0.0279222741041929,0.0510284564597394,0.0299667887884041,0.0496638279018579,0.0247743774587406
0.195677508746334,0.0221852741492366,0.0765130387134741,0.112703754313321,0.0431200559290251,0.0428494602028624,0.0659613784434294,0.186287096772037,0.0886189874278445,0.0247814143525844,0.0505769821643325,0.03023344434847,0.0276218278048007,0.0328697766322482
0.167542339708189,0.0261214062582576,0.0647160572612006,0.0938343318766046,0.112822224444155,0.0568987939698905,0.0605143594179323,0.152126727369495,0.0461180646980115,0.0245333937261854,0.0726627911629885,0.0365827188796244,0.0454764845595235,0.0400503066679424
0.131622397896712,0.0309232065127595,0.0873340388961482,0.0713954046226151,0.0385713730335876,0.0623812071838347,0.0266654328339938,0.212627199393313,0.0221035904552719,0.0492932755823895,0.0515599032663587,0.0400602055892099,0.101962852865339,0.0734999118684656
0.0337025815683291,0.0357250491461032,0.0511545910684577,0.109421422315652,0.0638185058196329,0.149601613193942,0.0376668610267619,0.108886064744911,0.0228948221420201,0.0523194783039427,0.0596756830457393,0.0391912355005103,0.153809090788723,0.0821330013352752
0.0738389128025949,0.0255503403197019,0.0503569128053749,0.120841852442454,0.0945739521330801,0.0934204739174385,0.0740172860472826,0.181918409119343,0.0647282881280117,0.0408057608138851,0.0511275898545256,0.0321839091051276,0.0645499978287938,0.0320863146823866
0.0860972935320472,0.0304982538463636,0.0438101300823808,0.15384540939165,0.0650028290349079,0.130883075209887,0.0992881998777458,0.102834302939974,0.0536132636760364,0.0214441591484063,0.0834743721454387,0.0306885238565779,0.0499507825730299,0.0485694046855542
0.0419665831126989,0.0278761805403541,0.04406496363031,0.175003232111073,0.0462744627700303,0.208093734791639,0.0565348816239502,0.109801026270795,0.0458748431975947,0.030486376149905,0.0568460569834808,0.0261957268433951,0.0857082036287833,0.0452737283459914
0.0721897291539156,0.0234878013882107,0.0599550792192543,0.105438556265468,0.0383915368107163,0.132602905110528,0.06591316259611,0.207659613067183,0.0289217532525203,0.0457702502948005,0.0560372728923507,0.0268749110002281,0.0977064275585826,0.0390510013901311
0.0530716832942014,0.0206171019820676,0.0269390732605639,0.147230783311168,0.0497175013189127,0.10326878131944,0.165972948921172,0.18462856558427,0.0551653995918384,0.0384496973244692,0.0615684246291227,0.0222514158136481,0.0396934166482052,0.0314252070009208
0.0745622051725594,0.0245514359245209,0.0439439993373834,0.128155362173697,0.0368959450583163,0.160542598831902,0.0937631409965364,0.144586732787545,0.0461727997014136,0.0206939662902922,0.075360715701369,0.0259780306276873,0.0790591123863885,0.0457339550103886
0.0126744553994191,0.0246976228298094,0.0105520026741794,0.287128411755335,0.0542531669136931,0.262081581545778,0.0643753889325658,0.0531312007091769,0.0604482481578788,0.0285642914409062,0.039996155056306,0.0143168714617776,0.0561287572256764,0.0316518458974981
0.0717342803425052,0.0183224098199654,0.02447936503416,0.180514349469566,0.0424958195904276,0.209608890597268,0.0546050750308059,0.100659584287833,0.0717213542013717,0.0328359143001985,0.0604803065243494,0.0223786488032157,0.0824978404161561,0.0276661615821776
0.0418932729747472,0.0135835957945016,0.101946306709266,0.0635870762163409,0.0101059040752928,0.179964033569051,0.0413370706911395,0.257586479879097,0.0465678819941827,0.0221136155433346,0.0368332248039703,0.0133621277965381,0.144548168755664,0.0265712411968758
0.0103219771792046,0.0177996927454593,0.0419533050837633,0.0666126623174879,0.0137945240637328,0.241163682605066,0.0505797336980007,0.142905415727684,0.0332686257572274,0.0334257223654258,0.0430650705486416,0.0217958354363102,0.229740589924261,0.0535731625477355
0.047787280154091,0.0237297302961248,0.0182391295948203,0.216146923219047,0.0181730724256915,0.188751049055525,0.112335727046453,0.0771822239236026,0.0940383016025036,0.0335902030639913,0.0804183578498585,0.0221982235532397,0.0344571630454121,0.0329526151696388
0.175607143786441,0.0223315263182168,0.0404746543161907,0.101132475104164,0.0180924692931932,0.0709222420586998,0.0291672263849238,0.288593963014781,0.030787267775887,0.0409348041459573,0.0523217195255191,0.0232081051469224,0.0707079077084697,0.0357184954206341
0.0629841093289349,0.0300951786275078,0.0365114468640282,0.145347746751528,0.0698917177311646,0.126059395707175,0.12374054956028,0.103112960485389,0.0724701195553097,0.0270654409946604,0.0792223288840384,0.0315248560255444,0.0479662282814777,0.044007921202961
0.0391658689045535,0.0214334628544616,0.0163732058778016,0.205114638731067,0.0142212354407244,0.189216249582751,0.140671925647405,0.0977378506956324,0.0848498229554269,0.0302032614557112,0.06818864830249,0.0180168158176074,0.0432139324427359,0.0315930812916314
0.0398145542569326,0.0173036751320906,0.0500718042439153,0.117703720378556,0.0207380251504007,0.229997094200456,0.0555201645861161,0.164096863576922,0.0621497155982013,0.0223482179149803,0.0420698111121103,0.0179740100603398,0.130308580702545,0.0299037630864332
0.0559541719297764,0.0157764277261848,0.0585283473710463,0.168146308510936,0.0172796228762894,0.117838013705156,0.0596700106777459,0.237140204451009,0.0792717797565729,0.0375345752139753,0.0465552831341256,0.0202634648082145,0.0576283465686912,0.0284134432702779
0.0928054298444117,0.0199197154801195,0.0333461768266529,0.207086822354964,0.0418584198800489,0.185031496203986,0.0841533397644659,0.108127496961326,0.0571957950158265,0.017153402712911,0.0557669386089877,0.0190633065073423,0.0513777933430947,0.0271138664958626
0.0460301117515701,0.0198352396002393,0.0141782000706368,0.214569745200118,0.0489913956344414,0.112476337838046,0.111870388183762,0.156669104980509,0.0649322922048579,0.0322604225896893,0.0483903175270022,0.0207914739326599,0.0700377898256114,0.0389671806608573
0.0455148761565117,0.0189325750858538,0.0202494423129778,0.267179693816351,0.0201751762737365,0.0936585854041799,0.12456749543698,0.12798866962054,0.155414536887901,0.0233972637782633,0.0341587005866191,0.0180557894504047,0.0289485294957084,0.0217586656939729
0.119991793300078,0.0265564567479924,0.0785386903595557,0.101420764409778,0.1117718961064,0.0667369720151852,0.0618098933349919,0.156105856034352,0.0577746923562173,0.0310904212378632,0.0633554826048832,0.0364978693672543,0.0516551940584398,0.036694018067009
0.0854269154610108,0.0214730333752539,0.0779147089938417,0.109372289571159,0.0515086004297091,0.121492670114082,0.077776162884398,0.179673597795541,0.0514198958568196,0.0223009792743444,0.06737174715186,0.0254661600221269,0.0736513400931365,0.0351518989767167
0.0658208907326063,0.0150130032628207,0.0885064806928901,0.084654583590794,0.0161450085800612,0.154872536795128,0.0568067206683847,0.25632591129357,0.0360647090871035,0.0208288123057095,0.0586856694949307,0.0133149474848295,0.102589742759718,0.0303709832514528
0.0722995919045863,0.0139951756414369,0.117547139185879,0.079089868074001,0.0120957972194302,0.127488304118209,0.0497935727604821,0.278122181042076,0.0620610692877264,0.0223043472159652,0.0338181227303087,0.01432032849805,0.0948787202231565,0.0221857820986928
0.0595397446168681,0.0295728409959706,0.0766904383436537,0.141880636713062,0.0429572524684044,0.0790318320698404,0.186599784193099,0.105764250286186,0.108601387919798,0.0174001964963666,0.0496040182788051,0.0331933673422028,0.0268703104954193,0.0422939397803243
0.0491413064536062,0.00802556484836905,0.109970525764432,0.0470891670528633,0.00628530768613264,0.0885892890721013,0.0243488773495012,0.463180085056396,0.0161161518090267,0.0159678611361128,0.0377054816062051,0.00738164883766494,0.108749711894413,0.0174490214331758
0.0475125507266692,0.0106874776268365,0.0719577514768446,0.0643624763499519,0.0151542393972211,0.129739842275523,0.0688553216571297,0.338167416074037,0.0399071184655041,0.0202818129982433,0.0301366963379475,0.0112427110166025,0.132835498279901,0.0191590873175891
0.263436842382487,0.0263391492107263,0.0641229652506284,0.0623351272355107,0.150587699329414,0.0226979512348327,0.0410094268897016,0.114794254984292,0.0598013929650739,0.0275464501628341,0.0659369952650487,0.0435001061923847,0.0269366970138438,0.0309549418832224
0.0278773745877436,0.0262930895298558,0.0924650514840156,0.101413837801102,0.0119392985071383,0.23865660877514,0.0181478573740966,0.110789834397758,0.0307691385799515,0.0348531913297074,0.0455467241897363,0.0250527279479084,0.180418688113408,0.0557765773824385
0.0344861817253712,0.0214090269354335,0.018925384344403,0.218468764307143,0.0521229387113517,0.125396636786225,0.133293294532178,0.101508175827989,0.0793196336648642,0.0245690860023985,0.0713204667209111,0.0213074741643455,0.040013268107172,0.0578596681702147
0.0378120330461571,0.0214325276106085,0.056188872571368,0.14077968392284,0.0257530631446357,0.182551207592067,0.0314678394180748,0.156359229707084,0.0675237220961217,0.0447235821655509,0.0387990280528199,0.0248430281193794,0.136376837162339,0.035389345390954
0.0552184293187595,0.0180379334706759,0.0369465809628172,0.22685362838417,0.0233323432529416,0.207185445917018,0.0499241481645404,0.141677061231226,0.0457284372276862,0.027059452733198,0.0510939349632898,0.0140958819487312,0.0747060265950588,0.0281406958298865
0.0630630755124687,0.0238062624791225,0.11724081772509,0.0620813312700924,0.0465941371034172,0.104681653921185,0.0254930846917971,0.249851510823114,0.0394823498956433,0.039604523375979,0.056185808075317,0.0344423696408478,0.0925144069639093,0.0449586685220171
0.0841840083412154,0.0282346995587678,0.117516054464236,0.0985206064246877,0.0413474070535139,0.104272969458391,0.0426600071899578,0.172012986714323,0.0809430001658945,0.0349119634096689,0.0578988131341268,0.0339392482112715,0.062829405071147,0.0407288308027995
0.067715092641883,0.0291027057240378,0.0391264839822928,0.130881852613109,0.12270548600342,0.0842276995198463,0.0987901610658105,0.150890167568503,0.0533688704542897,0.0379189390655172,0.0606044835519936,0.0310382698055459,0.0548251662886179,0.0388046217151328
0.0441403478665225,0.0253540795223485,0.0238758735428094,0.131156753494532,0.0109781017644235,0.165211141113111,0.104909671926455,0.167204681473271,0.0322026006316332,0.0650105409868426,0.0684585648256429,0.0232964533573941,0.0816781306238159,0.0565230588711984
0.0403380560284782,0.0159454481367928,0.0625566032855722,0.163450753825363,0.0311224470258888,0.087402782483757,0.0926874169357251,0.234236189138421,0.0904086174156032,0.0422308767349993,0.0403243921665492,0.0224386256898589,0.0507082406121725,0.0261495505208192
0.0336430996107859,0.0191818323557162,0.0699245544086412,0.0967123946233328,0.0158984896579624,0.198899425760522,0.0296325948811432,0.175207669340001,0.0484661237631701,0.0348491842334795,0.0419829474478488,0.0257384811943598,0.167879895587243,0.041983307135794
0.0948798661445059,0.021347701868187,0.0490638027514472,0.171385402491308,0.0210979787804088,0.135301038852464,0.0684403903565239,0.148790822836109,0.0854465575825605,0.026313176483235,0.062866507950143,0.0248955649542283,0.0534718778680496,0.0366993110808299
0.0607846375452272,0.0231883903334754,0.133377217844479,0.13088572489786,0.051397815236385,0.0827360113418413,0.0837710614836785,0.182447457852543,0.0921893939559284,0.0232447815832281,0.0363097113750767,0.0281335050658932,0.042981247129429,0.0285530443549551
0.180249584866896,0.0197413019531306,0.0753991119129178,0.10623405989877,0.140165211975301,0.0400069384117921,0.0365287538417097,0.19714577651249,0.0412731443145083,0.0344298546179143,0.038292277892943,0.027947050251086,0.0412840519738787,0.0213028815766632
0.0399864540303348,0.029772149433931,0.0220639805416805,0.224119420122988,0.055279777544453,0.134113619144719,0.161331043328843,0.0855358999471384,0.098321784124535,0.0219414693987481,0.0492438783093909,0.0180571970380796,0.0349813580192947,0.0252519690158642
0.0603670738527412,0.0148724767463761,0.0512302865291583,0.210833109835176,0.0224136886969367,0.129905237229301,0.0893716087801306,0.201896751889599,0.0976186443269293,0.0223098179142258,0.0274213759649968,0.012124095788391,0.0438780047235646,0.0157578277224745
0.0323486155072347,0.0164684176278243,0.0472776372822583,0.0796532733136552,0.0177640017428295,0.20160112203702,0.0720233412641408,0.204763329483853,0.0338387171567195,0.0231470500594616,0.060517567285566,0.0155959435257873,0.152979307317767,0.0420216763958823
0.0495787473969044,0.026507247522194,0.0801083701255006,0.0887404854326753,0.0295769421011828,0.0963952928077494,0.0404426455787124,0.220173141159209,0.0339415703509573,0.0469707618504812,0.0678973425128847,0.0339426734654539,0.125550459115392,0.0601743205807022
0.180492545171715,0.0307977715753265,0.0481903134022052,0.0952372838258102,0.105505367267685,0.0309006041609752,0.0576438734884035,0.147284661897701,0.0690507065693748,0.0430304013245773,0.0631397393668956,0.0449116169486653,0.0392586024497301,0.0445565125509354
0.0906106806110487,0.0147774539551322,0.122639013080707,0.0950970101977378,0.0284319706938625,0.0840531458631938,0.0364658317556736,0.289745871462582,0.0319793990904674,0.0296465029346033,0.0365922972799416,0.017836364421377,0.0968794794177227,0.0252449792359499
0.030177586927547,0.0249717374580362,0.0415891898721301,0.118341581075369,0.0509717851926156,0.150016194887644,0.0922816271477792,0.195773324509736,0.0379376839388693,0.0401590827579977,0.0653467151452774,0.0222610111984436,0.089762513736849,0.0404099661517061
0.147791739990507,0.0176410427283283,0.0250198639718102,0.139941676882427,0.0261628441904045,0.0777416404351206,0.0218316786742842,0.351902508213674,0.0182053954325995,0.028887031096393,0.0497493602804869,0.012678386388863,0.0590853196889537,0.0233615120261475
0.0176848248680962,0.0239541423491091,0.0317206265318508,0.107610350880054,0.0237538338019063,0.224950330033777,0.0523903023545089,0.111449904975595,0.0465363510007008,0.037155058786708,0.0513110063320784,0.0277531484914667,0.184942733382906,0.0587873862112441
0.0140702063682441,0.021323682203599,0.0364639032724078,0.100106784400857,0.0205730604803954,0.243014449819047,0.0635036436657019,0.115971193199519,0.059931850188224,0.032697675709461,0.0380736320949975,0.0251172415876534,0.17116791009373,0.0579847669161629
0.0431662117940117,0.0394339366757529,0.0186719472529842,0.195601568653094,0.075346389903727,0.182221413202036,0.0877807638321045,0.0770504077566245,0.0389845298520065,0.0385539430581103,0.0609067362565854,0.0242757576000017,0.0704172457190183,0.0475891484439434
0.0771989121841241,0.0122932393160999,0.0276275029957001,0.270688070959304,0.0491447186781903,0.0978501031461793,0.116024256900112,0.139271386469758,0.0984707884613889,0.017300880127694,0.036308259092013,0.0161840842343907,0.0236058609545662,0.0180319364804799
0.091021919952878,0.0275585786710319,0.0563689370979334,0.143109346214786,0.0513637047498585,0.0941588469107842,0.0581789405667452,0.185147349070194,0.0450046765132366,0.0400478540080347,0.0643370048534021,0.0299478674159852,0.065939840014801,0.0478151339603298
0.080299764158274,0.0225795867610247,0.020675569277766,0.201856028955557,0.0380632428470556,0.121335202071081,0.134104357312088,0.165777766382556,0.0562155966034202,0.0283721661349665,0.0454107649230067,0.015353941935835,0.045642796587026,0.0243132160503432
0.0668327385765498,0.0319750581107004,0.0389832545169637,0.133149995490001,0.117707025188722,0.11220186298678,0.103887035130484,0.107345162882599,0.0524958705921544,0.0269049278049322,0.072314064956118,0.0333313776368771,0.0573577552515045,0.0455138708756143
0.0549888065910818,0.0230231798150441,0.055920132786724,0.106390557728859,0.0592842846991843,0.145402861972491,0.0425385853222014,0.220872617473197,0.0392729644204437,0.0362444868898168,0.0482602276130284,0.0238187211981167,0.110972380529715,0.0330101929600963
0.141927847951839,0.0221407586056774,0.0987328330966197,0.105885943529339,0.0453859351157369,0.0577984075579615,0.0548035871706441,0.224921373712443,0.0411088610185732,0.029977113597617,0.056983101629987,0.0262454459955418,0.0557948050169474,0.0382939860010725
0.0553254336846226,0.0206359560247147,0.065025888408582,0.125486412344205,0.0550925360768586,0.109275700578287,0.073728877871526,0.21554946673847,0.0716455320093846,0.0275489385686482,0.0438973965309689,0.0231504909804516,0.0835675334207637,0.0300698367625168
0.0557504178112882,0.0277402788880609,0.0583998562713856,0.114772822331063,0.0653908876033562,0.150988214922916,0.069553287984856,0.131970072518484,0.0485873929606364,0.0284599339303845,0.0804754691340244,0.0336772427542182,0.083908546136127,0.0503255767531992
0.0976646019944992,0.0107678095942145,0.202287691441204,0.0703993808778111,0.0125517295824421,0.0784701874565414,0.0160548666846582,0.320580318983449,0.0472733067708706,0.0180983886738858,0.0238117256051947,0.0159471619063498,0.0680486901308924,0.0180441402979871
0.0607931243916177,0.0262551267294295,0.0479723924671242,0.0930458156448672,0.220671389204449,0.0691365707385374,0.0560656109067131,0.152287873390295,0.0461326965350557,0.040089898881469,0.0554657278773786,0.0366575987243511,0.0568855987001752,0.0385405758085374
0.113581623880966,0.0174311844361163,0.0243500002679393,0.21061674047787,0.0405193104225821,0.142599194829432,0.085924781517688,0.114572606957109,0.0873125841914768,0.0241559093435645,0.0497952233674081,0.0196747880280316,0.0464488126209672,0.0230172396588487
0.0527561151360528,0.0317731699274981,0.039837826667826,0.109279766039193,0.059098067544903,0.0879194681961213,0.122596413635489,0.182693908053347,0.0297208980454051,0.0543484677989723,0.0860873243641334,0.0320670648456607,0.0545342686330895,0.057287241112308
0.148631754303137,0.0128782152106486,0.107042357453603,0.0935331141915606,0.0223276452609958,0.0667325341838545,0.0212118268505335,0.319869784889393,0.0383744586119668,0.0257596746481087,0.0298912042974788,0.0176135111109573,0.0744544328335967,0.0216794861541653
0.114424494162175,0.00852189278413977,0.0940156895342959,0.0561579978826266,0.034589714394124,0.0359052127746422,0.0340628359545044,0.4637516877775,0.0299028559510817,0.0200951498271203,0.0205054723599824,0.0128591972781957,0.0642961924994908,0.0109116068201209
0.112579299634358,0.0287286996263601,0.0556591365220173,0.147197767911642,0.0397459947090878,0.120335306765531,0.0603409487147002,0.120231022636843,0.068356744709233,0.0378738124850103,0.0837472642121661,0.0341604541358802,0.0461365237713885,0.0449070241657825
0.0180439346722368,0.0179063814730639,0.0351635618946956,0.0985863356846226,0.0179576933354798,0.202584286992148,0.114103476548506,0.159254260152534,0.0354626841107797,0.0327168281822156,0.0637346435631396,0.0181867826633181,0.134182820806907,0.0521163099203528
0.0926280534722231,0.024434345894488,0.0345169959168843,0.163720507525032,0.079938036210577,0.0999709664287892,0.119668015260816,0.135081244374564,0.0524849833307773,0.0307666182886722,0.0621813061438239,0.027061531412405,0.0450914040382498,0.0324559917026987
0.012079735596971,0.0196657153360476,0.0240615898734403,0.119391015245657,0.0125888401490809,0.244838105043345,0.0565528029443657,0.142014893178279,0.023395532269905,0.0340149531137979,0.0488670607088277,0.0155852090702985,0.195337640083876,0.0516069073861077
